0	1065
1	773
2	743
3	740
4	732
5	688
6	618
7	533
8	517
9	495
10	477
11	467
12	446
13	435
14	425
15	414
16	410
17	410
18	406
19	403
20	399
21	399
22	399
23	395
24	387
25	384
26	378
27	372
28	368
29	365
30	362
31	361
32	361
33	356
34	353
35	352
36	346
37	334
38	332
39	331
40	328
41	321
42	318
43	314
44	314
45	314
46	311
47	311
48	309
49	309
50	305
51	303
52	302
53	298
54	298
55	298
56	297
57	292
58	291
59	291
60	288
61	287
62	281
63	276
64	275
65	275
66	275
67	274
68	274
69	271
70	269
71	268
72	268
73	266
74	266
75	265
76	264
77	263
78	263
79	263
80	260
81	258
82	257
83	257
84	256
85	255
86	254
87	253
88	251
89	250
90	249
91	248
92	248
93	247
94	246
95	245
96	244
97	244
98	243
99	239
100	238
101	238
102	234
103	233
104	233
105	232
106	231
107	230
108	230
109	229
110	228
111	228
112	227
113	227
114	227
115	226
116	226
117	224
118	224
119	224
120	223
121	222
122	221
123	221
124	219
125	218
126	218
127	217
128	217
129	216
130	216
131	214
132	214
133	213
134	212
135	212
136	212
137	212
138	211
139	211
140	210
141	210
142	208
143	208
144	207
145	206
146	205
147	205
148	205
149	205
150	204
151	204
152	204
153	204
154	203
155	202
156	202
157	202
158	200
159	199
160	197
161	197
162	195
163	195
164	195
165	194
166	194
167	194
168	194
169	193
170	193
171	193
172	192
173	192
174	191
175	191
176	191
177	190
178	190
179	190
180	190
181	189
182	189
183	188
184	187
185	187
186	186
187	186
188	186
189	184
190	182
191	181
192	181
193	181
194	181
195	180
196	179
197	179
198	179
199	179
200	178
201	178
202	177
203	177
204	176
205	175
206	175
207	175
208	173
209	173
210	172
211	172
212	172
213	171
214	171
215	170
216	169
217	169
218	168
219	168
220	168
221	167
222	167
223	166
224	164
225	164
226	164
227	163
228	163
229	163
230	163
231	162
232	162
233	162
234	162
235	161
236	160
237	160
238	160
239	160
240	159
241	159
242	159
243	159
244	158
245	158
246	157
247	157
248	157
249	157
250	157
251	156
252	156
253	156
254	155
255	154
256	154
257	154
258	154
259	153
260	152
261	152
262	152
263	150
264	150
265	150
266	150
267	149
268	149
269	149
270	148
271	148
272	148
273	147
274	147
275	147
276	147
277	147
278	147
279	147
280	147
281	146
282	146
283	146
284	146
285	146
286	145
287	145
288	144
289	144
290	144
291	144
292	144
293	144
294	144
295	144
296	143
297	143
298	143
299	142
300	142
301	142
302	141
303	141
304	141
305	141
306	140
307	140
308	139
309	139
310	139
311	139
312	139
313	139
314	138
315	138
316	138
317	138
318	138
319	136
320	136
321	136
322	135
323	135
324	134
325	134
326	134
327	133
328	133
329	133
330	133
331	133
332	132
333	132
334	131
335	131
336	130
337	130
338	130
339	130
340	130
341	129
342	129
343	129
344	128
345	128
346	128
347	126
348	126
349	126
350	126
351	126
352	126
353	126
354	126
355	126
356	126
357	126
358	126
359	125
360	125
361	125
362	125
363	124
364	124
365	124
366	124
367	124
368	124
369	124
370	123
371	123
372	123
373	123
374	123
375	123
376	123
377	122
378	122
379	122
380	122
381	121
382	121
383	121
384	121
385	121
386	121
387	120
388	120
389	120
390	119
391	119
392	119
393	119
394	119
395	119
396	119
397	119
398	118
399	118
400	118
401	118
402	118
403	118
404	118
405	118
406	118
407	117
408	117
409	117
410	117
411	117
412	116
413	116
414	116
415	116
416	116
417	116
418	116
419	116
420	115
421	115
422	115
423	115
424	115
425	115
426	115
427	115
428	115
429	114
430	114
431	114
432	114
433	114
434	114
435	114
436	114
437	114
438	114
439	114
440	114
441	113
442	113
443	113
444	113
445	113
446	112
447	112
448	112
449	112
450	112
451	112
452	112
453	112
454	112
455	111
456	111
457	111
458	111
459	111
460	111
461	110
462	110
463	110
464	110
465	110
466	110
467	110
468	109
469	109
470	109
471	109
472	109
473	109
474	109
475	109
476	109
477	108
478	108
479	108
480	108
481	107
482	107
483	107
484	107
485	107
486	107
487	107
488	107
489	106
490	106
491	106
492	106
493	105
494	105
495	105
496	105
497	105
498	105
499	105
500	105
501	105
502	104
503	104
504	104
505	104
506	104
507	104
508	104
509	104
510	103
511	103
512	103
513	103
514	103
515	103
516	103
517	103
518	103
519	103
520	102
521	102
522	102
523	101
524	101
525	101
526	101
527	101
528	101
529	101
530	101
531	100
532	100
533	100
534	100
535	100
536	100
537	100
538	100
539	100
540	99
541	99
542	99
543	99
544	99
545	99
546	99
547	99
548	98
549	98
550	98
551	98
552	98
553	98
554	98
555	98
556	98
557	98
558	97
559	97
560	97
561	97
562	97
563	97
564	97
565	97
566	97
567	97
568	96
569	96
570	96
571	96
572	96
573	96
574	96
575	96
576	96
577	96
578	95
579	95
580	95
581	95
582	95
583	95
584	94
585	94
586	94
587	94
588	94
589	94
590	94
591	93
592	93
593	93
594	93
595	93
596	93
597	93
598	93
599	93
600	93
601	93
602	92
603	92
604	92
605	92
606	92
607	92
608	92
609	92
610	91
611	91
612	91
613	91
614	91
615	91
616	91
617	91
618	90
619	90
620	90
621	90
622	90
623	89
624	89
625	89
626	89
627	89
628	89
629	89
630	89
631	89
632	89
633	89
634	89
635	89
636	89
637	89
638	89
639	88
640	88
641	88
642	88
643	88
644	88
645	88
646	87
647	87
648	87
649	87
650	87
651	87
652	87
653	87
654	87
655	87
656	87
657	87
658	87
659	87
660	87
661	87
662	87
663	87
664	87
665	86
666	86
667	86
668	86
669	86
670	86
671	86
672	86
673	86
674	86
675	85
676	85
677	85
678	85
679	85
680	85
681	85
682	85
683	85
684	85
685	85
686	84
687	84
688	84
689	84
690	84
691	84
692	84
693	84
694	84
695	84
696	84
697	84
698	83
699	83
700	83
701	83
702	83
703	83
704	83
705	83
706	82
707	82
708	82
709	82
710	82
711	81
712	81
713	81
714	81
715	81
716	81
717	81
718	81
719	81
720	81
721	81
722	81
723	81
724	81
725	81
726	80
727	80
728	80
729	80
730	80
731	80
732	80
733	80
734	80
735	80
736	80
737	80
738	79
739	79
740	79
741	79
742	79
743	79
744	79
745	79
746	79
747	79
748	79
749	79
750	79
751	79
752	79
753	78
754	78
755	78
756	78
757	78
758	78
759	78
760	78
761	78
762	78
763	77
764	77
765	77
766	77
767	77
768	77
769	77
770	77
771	77
772	77
773	77
774	77
775	77
776	76
777	76
778	76
779	76
780	76
781	76
782	76
783	76
784	76
785	76
786	76
787	75
788	75
789	75
790	75
791	75
792	75
793	75
794	75
795	75
796	75
797	75
798	75
799	75
800	75
801	75
802	75
803	75
804	75
805	74
806	74
807	74
808	74
809	74
810	74
811	74
812	74
813	74
814	74
815	73
816	73
817	73
818	73
819	73
820	73
821	73
822	73
823	73
824	73
825	73
826	73
827	73
828	73
829	73
830	73
831	73
832	72
833	72
834	72
835	72
836	72
837	72
838	72
839	72
840	72
841	72
842	72
843	72
844	72
845	72
846	72
847	72
848	72
849	72
850	72
851	72
852	72
853	71
854	71
855	71
856	71
857	71
858	71
859	71
860	71
861	71
862	71
863	71
864	71
865	71
866	71
867	71
868	70
869	70
870	70
871	70
872	70
873	70
874	70
875	70
876	70
877	70
878	70
879	70
880	70
881	70
882	70
883	70
884	70
885	70
886	70
887	70
888	70
889	70
890	69
891	69
892	69
893	69
894	69
895	69
896	69
897	69
898	69
899	69
900	69
901	69
902	69
903	69
904	69
905	69
906	68
907	68
908	68
909	68
910	68
911	68
912	68
913	67
914	67
915	67
916	67
917	67
918	67
919	67
920	67
921	67
922	67
923	67
924	67
925	67
926	67
927	67
928	67
929	67
930	67
931	67
932	67
933	67
934	67
935	66
936	66
937	66
938	66
939	66
940	66
941	66
942	66
943	66
944	66
945	66
946	66
947	66
948	66
949	66
950	66
951	66
952	66
953	66
954	66
955	66
956	66
957	66
958	66
959	65
960	65
961	65
962	65
963	65
964	65
965	65
966	65
967	65
968	65
969	65
970	65
971	65
972	64
973	64
974	64
975	64
976	64
977	64
978	64
979	64
980	64
981	64
982	64
983	64
984	64
985	64
986	64
987	64
988	64
989	64
990	64
991	64
992	64
993	64
994	63
995	63
996	63
997	63
998	63
999	63
1000	63
1001	63
1002	63
1003	63
1004	63
1005	63
1006	63
1007	63
1008	63
1009	63
1010	63
1011	63
1012	63
1013	62
1014	62
1015	62
1016	62
1017	62
1018	62
1019	62
1020	62
1021	62
1022	62
1023	62
1024	62
1025	62
1026	61
1027	61
1028	61
1029	61
1030	61
1031	61
1032	61
1033	61
1034	61
1035	61
1036	61
1037	61
1038	61
1039	61
1040	61
1041	61
1042	61
1043	61
1044	61
1045	61
1046	61
1047	61
1048	61
1049	61
1050	60
1051	60
1052	60
1053	60
1054	60
1055	60
1056	60
1057	60
1058	60
1059	60
1060	60
1061	60
1062	60
1063	60
1064	60
1065	60
1066	60
1067	60
1068	60
1069	60
1070	60
1071	60
1072	59
1073	59
1074	59
1075	59
1076	59
1077	59
1078	59
1079	59
1080	59
1081	59
1082	59
1083	59
1084	59
1085	59
1086	59
1087	59
1088	59
1089	58
1090	58
1091	58
1092	58
1093	58
1094	58
1095	58
1096	58
1097	58
1098	58
1099	58
1100	58
1101	58
1102	58
1103	58
1104	58
1105	58
1106	58
1107	58
1108	58
1109	58
1110	58
1111	58
1112	58
1113	57
1114	57
1115	57
1116	57
1117	57
1118	57
1119	57
1120	57
1121	57
1122	57
1123	57
1124	57
1125	57
1126	57
1127	57
1128	57
1129	57
1130	57
1131	57
1132	57
1133	57
1134	57
1135	57
1136	57
1137	57
1138	57
1139	57
1140	57
1141	56
1142	56
1143	56
1144	56
1145	56
1146	56
1147	56
1148	56
1149	56
1150	56
1151	56
1152	56
1153	56
1154	56
1155	56
1156	56
1157	56
1158	56
1159	55
1160	55
1161	55
1162	55
1163	55
1164	55
1165	55
1166	55
1167	55
1168	55
1169	55
1170	55
1171	55
1172	55
1173	55
1174	55
1175	55
1176	55
1177	55
1178	55
1179	55
1180	55
1181	55
1182	55
1183	55
1184	55
1185	54
1186	54
1187	54
1188	54
1189	54
1190	54
1191	54
1192	54
1193	54
1194	54
1195	54
1196	54
1197	54
1198	54
1199	54
1200	54
1201	54
1202	54
1203	54
1204	54
1205	54
1206	53
1207	53
1208	53
1209	53
1210	53
1211	53
1212	53
1213	53
1214	53
1215	53
1216	53
1217	53
1218	53
1219	53
1220	53
1221	53
1222	52
1223	52
1224	52
1225	52
1226	52
1227	52
1228	52
1229	52
1230	52
1231	52
1232	52
1233	52
1234	52
1235	52
1236	52
1237	52
1238	52
1239	52
1240	52
1241	52
1242	52
1243	52
1244	52
1245	52
1246	52
1247	52
1248	52
1249	51
1250	51
1251	51
1252	51
1253	51
1254	51
1255	51
1256	51
1257	51
1258	51
1259	51
1260	51
1261	51
1262	51
1263	51
1264	51
1265	51
1266	51
1267	51
1268	51
1269	51
1270	51
1271	51
1272	51
1273	51
1274	51
1275	50
1276	50
1277	50
1278	50
1279	50
1280	50
1281	50
1282	50
1283	50
1284	50
1285	50
1286	50
1287	50
1288	50
1289	50
1290	50
1291	50
1292	50
1293	50
1294	50
1295	50
1296	50
1297	50
1298	50
1299	50
1300	50
1301	50
1302	49
1303	49
1304	49
1305	49
1306	49
1307	49
1308	49
1309	49
1310	49
1311	49
1312	49
1313	49
1314	49
1315	49
1316	49
1317	49
1318	49
1319	49
1320	49
1321	49
1322	49
1323	49
1324	48
1325	48
1326	48
1327	48
1328	48
1329	48
1330	48
1331	48
1332	48
1333	48
1334	48
1335	48
1336	48
1337	48
1338	48
1339	48
1340	48
1341	48
1342	48
1343	48
1344	48
1345	48
1346	48
1347	48
1348	48
1349	48
1350	48
1351	48
1352	47
1353	47
1354	47
1355	47
1356	47
1357	47
1358	47
1359	47
1360	47
1361	47
1362	47
1363	47
1364	47
1365	47
1366	47
1367	47
1368	47
1369	47
1370	47
1371	47
1372	47
1373	47
1374	47
1375	47
1376	47
1377	47
1378	47
1379	46
1380	46
1381	46
1382	46
1383	46
1384	46
1385	46
1386	46
1387	46
1388	46
1389	46
1390	46
1391	46
1392	46
1393	46
1394	46
1395	46
1396	46
1397	46
1398	46
1399	46
1400	46
1401	46
1402	46
1403	46
1404	46
1405	45
1406	45
1407	45
1408	45
1409	45
1410	45
1411	45
1412	45
1413	45
1414	45
1415	45
1416	45
1417	45
1418	45
1419	45
1420	45
1421	45
1422	45
1423	45
1424	45
1425	45
1426	45
1427	45
1428	45
1429	45
1430	45
1431	45
1432	45
1433	44
1434	44
1435	44
1436	44
1437	44
1438	44
1439	44
1440	44
1441	44
1442	44
1443	44
1444	44
1445	44
1446	44
1447	44
1448	44
1449	44
1450	44
1451	44
1452	44
1453	44
1454	44
1455	44
1456	44
1457	44
1458	44
1459	44
1460	44
1461	44
1462	44
1463	43
1464	43
1465	43
1466	43
1467	43
1468	43
1469	43
1470	43
1471	43
1472	43
1473	43
1474	43
1475	43
1476	43
1477	43
1478	43
1479	43
1480	43
1481	43
1482	43
1483	43
1484	43
1485	43
1486	42
1487	42
1488	42
1489	42
1490	42
1491	42
1492	42
1493	42
1494	42
1495	42
1496	42
1497	42
1498	42
1499	42
1500	42
1501	42
1502	42
1503	42
1504	42
1505	42
1506	42
1507	42
1508	42
1509	42
1510	42
1511	42
1512	42
1513	41
1514	41
1515	41
1516	41
1517	41
1518	41
1519	41
1520	41
1521	41
1522	41
1523	41
1524	41
1525	41
1526	41
1527	41
1528	41
1529	41
1530	41
1531	41
1532	41
1533	41
1534	41
1535	41
1536	41
1537	41
1538	41
1539	41
1540	40
1541	40
1542	40
1543	40
1544	40
1545	40
1546	40
1547	40
1548	40
1549	40
1550	40
1551	40
1552	40
1553	40
1554	40
1555	40
1556	40
1557	40
1558	40
1559	40
1560	40
1561	40
1562	40
1563	40
1564	40
1565	39
1566	39
1567	39
1568	39
1569	39
1570	39
1571	39
1572	39
1573	39
1574	39
1575	39
1576	39
1577	39
1578	39
1579	39
1580	39
1581	39
1582	39
1583	39
1584	39
1585	39
1586	39
1587	39
1588	39
1589	39
1590	39
1591	39
1592	39
1593	39
1594	38
1595	38
1596	38
1597	38
1598	38
1599	38
1600	38
1601	38
1602	38
1603	38
1604	38
1605	38
1606	38
1607	38
1608	38
1609	38
1610	38
1611	38
1612	38
1613	38
1614	38
1615	38
1616	38
1617	38
1618	38
1619	37
1620	37
1621	37
1622	37
1623	37
1624	37
1625	37
1626	37
1627	37
1628	37
1629	37
1630	37
1631	37
1632	37
1633	37
1634	37
1635	37
1636	37
1637	37
1638	37
1639	37
1640	37
1641	37
1642	37
1643	37
1644	37
1645	37
1646	37
1647	37
1648	36
1649	36
1650	36
1651	36
1652	36
1653	36
1654	36
1655	36
1656	36
1657	36
1658	36
1659	36
1660	36
1661	36
1662	36
1663	36
1664	36
1665	36
1666	36
1667	36
1668	36
1669	36
1670	35
1671	35
1672	35
1673	35
1674	35
1675	35
1676	35
1677	35
1678	35
1679	35
1680	35
1681	35
1682	35
1683	35
1684	35
1685	35
1686	35
1687	35
1688	35
1689	35
1690	34
1691	34
1692	34
1693	34
1694	34
1695	34
1696	34
1697	34
1698	34
1699	34
1700	34
1701	34
1702	34
1703	34
1704	34
1705	34
1706	34
1707	34
1708	34
1709	34
1710	34
1711	34
1712	34
1713	34
1714	34
1715	34
1716	33
1717	33
1718	33
1719	33
1720	33
1721	33
1722	33
1723	33
1724	33
1725	33
1726	33
1727	33
1728	33
1729	33
1730	33
1731	33
1732	33
1733	33
1734	33
1735	33
1736	33
1737	33
1738	33
1739	33
1740	33
1741	33
1742	33
1743	33
1744	32
1745	32
1746	32
1747	32
1748	32
1749	32
1750	32
1751	32
1752	32
1753	32
1754	32
1755	32
1756	32
1757	32
1758	32
1759	32
1760	32
1761	32
1762	32
1763	32
1764	32
1765	32
1766	31
1767	31
1768	31
1769	31
1770	31
1771	31
1772	31
1773	31
1774	31
1775	31
1776	31
1777	31
1778	31
1779	31
1780	31
1781	31
1782	31
1783	31
1784	31
1785	31
1786	31
1787	31
1788	31
1789	31
1790	31
1791	31
1792	31
1793	31
1794	31
1795	31
1796	31
1797	31
1798	31
1799	31
1800	31
1801	31
1802	30
1803	30
1804	30
1805	30
1806	30
1807	30
1808	30
1809	30
1810	30
1811	30
1812	30
1813	30
1814	30
1815	30
1816	30
1817	30
1818	30
1819	30
1820	30
1821	30
1822	30
1823	30
1824	30
1825	30
1826	30
1827	30
1828	30
1829	30
1830	30
1831	30
1832	30
1833	30
1834	29
1835	29
1836	29
1837	29
1838	29
1839	29
1840	29
1841	29
1842	29
1843	29
1844	29
1845	29
1846	29
1847	29
1848	29
1849	29
1850	29
1851	29
1852	29
1853	29
1854	29
1855	29
1856	29
1857	29
1858	29
1859	29
1860	29
1861	29
1862	29
1863	29
1864	29
1865	29
1866	29
1867	29
1868	29
1869	29
1870	29
1871	28
1872	28
1873	28
1874	28
1875	28
1876	28
1877	28
1878	28
1879	28
1880	28
1881	28
1882	28
1883	28
1884	28
1885	28
1886	28
1887	28
1888	28
1889	28
1890	28
1891	28
1892	28
1893	28
1894	28
1895	28
1896	28
1897	28
1898	28
1899	28
1900	28
1901	28
1902	28
1903	28
1904	28
1905	28
1906	28
1907	28
1908	28
1909	28
1910	27
1911	27
1912	27
1913	27
1914	27
1915	27
1916	27
1917	27
1918	27
1919	27
1920	27
1921	27
1922	27
1923	27
1924	27
1925	27
1926	27
1927	27
1928	27
1929	27
1930	27
1931	27
1932	27
1933	27
1934	27
1935	27
1936	27
1937	27
1938	27
1939	27
1940	27
1941	26
1942	26
1943	26
1944	26
1945	26
1946	26
1947	26
1948	26
1949	26
1950	26
1951	26
1952	26
1953	26
1954	26
1955	26
1956	26
1957	26
1958	26
1959	26
1960	26
1961	26
1962	26
1963	26
1964	26
1965	26
1966	26
1967	26
1968	26
1969	26
1970	26
1971	26
1972	26
1973	26
1974	26
1975	26
1976	26
1977	26
1978	26
1979	25
1980	25
1981	25
1982	25
1983	25
1984	25
1985	25
1986	25
1987	25
1988	25
1989	25
1990	25
1991	25
1992	25
1993	25
1994	25
1995	25
1996	25
1997	25
1998	25
1999	25
2000	25
2001	25
2002	25
2003	25
2004	25
2005	24
2006	24
2007	24
2008	24
2009	24
2010	24
2011	24
2012	24
2013	24
2014	24
2015	24
2016	24
2017	24
2018	24
2019	24
2020	24
2021	24
2022	24
2023	24
2024	24
2025	24
2026	24
2027	24
2028	24
2029	24
2030	24
2031	24
2032	24
2033	24
2034	24
2035	24
2036	24
2037	24
2038	24
2039	24
2040	24
2041	24
2042	24
2043	23
2044	23
2045	23
2046	23
2047	23
2048	23
2049	23
2050	23
2051	23
2052	23
2053	23
2054	23
2055	23
2056	23
2057	23
2058	23
2059	23
2060	23
2061	23
2062	23
2063	23
2064	23
2065	23
2066	23
2067	23
2068	23
2069	23
2070	23
2071	22
2072	22
2073	22
2074	22
2075	22
2076	22
2077	22
2078	22
2079	22
2080	22
2081	22
2082	22
2083	22
2084	22
2085	22
2086	22
2087	22
2088	22
2089	22
2090	22
2091	22
2092	22
2093	22
2094	22
2095	22
2096	22
2097	22
2098	22
2099	22
2100	22
2101	22
2102	22
2103	22
2104	22
2105	22
2106	22
2107	22
2108	22
2109	22
2110	22
2111	22
2112	21
2113	21
2114	21
2115	21
2116	21
2117	21
2118	21
2119	21
2120	21
2121	21
2122	21
2123	21
2124	21
2125	21
2126	21
2127	21
2128	21
2129	21
2130	21
2131	21
2132	21
2133	21
2134	21
2135	21
2136	21
2137	21
2138	21
2139	21
2140	21
2141	21
2142	21
2143	21
2144	21
2145	21
2146	21
2147	21
2148	21
2149	21
2150	21
2151	21
2152	21
2153	21
2154	20
2155	20
2156	20
2157	20
2158	20
2159	20
2160	20
2161	20
2162	20
2163	20
2164	20
2165	20
2166	20
2167	20
2168	20
2169	20
2170	20
2171	20
2172	20
2173	20
2174	20
2175	20
2176	20
2177	20
2178	20
2179	20
2180	20
2181	20
2182	20
2183	20
2184	20
2185	20
2186	20
2187	20
2188	20
2189	20
2190	20
2191	20
2192	20
2193	20
2194	20
2195	20
2196	20
2197	20
2198	19
2199	19
2200	19
2201	19
2202	19
2203	19
2204	19
2205	19
2206	19
2207	19
2208	19
2209	19
2210	19
2211	19
2212	19
2213	19
2214	19
2215	19
2216	19
2217	19
2218	19
2219	19
2220	19
2221	19
2222	19
2223	19
2224	19
2225	19
2226	19
2227	19
2228	19
2229	19
2230	19
2231	18
2232	18
2233	18
2234	18
2235	18
2236	18
2237	18
2238	18
2239	18
2240	18
2241	18
2242	18
2243	18
2244	18
2245	18
2246	18
2247	18
2248	18
2249	18
2250	18
2251	18
2252	18
2253	18
2254	18
2255	18
2256	18
2257	18
2258	18
2259	18
2260	18
2261	18
2262	18
2263	18
2264	18
2265	18
2266	18
2267	18
2268	18
2269	18
2270	18
2271	18
2272	18
2273	18
2274	18
2275	18
2276	18
2277	18
2278	18
2279	18
2280	18
2281	18
2282	18
2283	18
2284	18
2285	18
2286	18
2287	17
2288	17
2289	17
2290	17
2291	17
2292	17
2293	17
2294	17
2295	17
2296	17
2297	17
2298	17
2299	17
2300	17
2301	17
2302	17
2303	17
2304	17
2305	17
2306	17
2307	17
2308	17
2309	17
2310	17
2311	17
2312	17
2313	17
2314	17
2315	17
2316	17
2317	17
2318	17
2319	17
2320	17
2321	17
2322	17
2323	17
2324	17
2325	17
2326	17
2327	17
2328	17
2329	17
2330	17
2331	17
2332	17
2333	17
2334	16
2335	16
2336	16
2337	16
2338	16
2339	16
2340	16
2341	16
2342	16
2343	16
2344	16
2345	16
2346	16
2347	16
2348	16
2349	16
2350	16
2351	16
2352	16
2353	16
2354	16
2355	16
2356	16
2357	16
2358	16
2359	16
2360	16
2361	16
2362	16
2363	16
2364	16
2365	16
2366	16
2367	16
2368	16
2369	16
2370	16
2371	16
2372	16
2373	16
2374	16
2375	16
2376	16
2377	16
2378	16
2379	16
2380	16
2381	16
2382	16
2383	16
2384	16
2385	16
2386	16
2387	15
2388	15
2389	15
2390	15
2391	15
2392	15
2393	15
2394	15
2395	15
2396	15
2397	15
2398	15
2399	15
2400	15
2401	15
2402	15
2403	15
2404	15
2405	15
2406	15
2407	15
2408	15
2409	15
2410	15
2411	15
2412	15
2413	15
2414	15
2415	15
2416	15
2417	15
2418	15
2419	15
2420	15
2421	15
2422	15
2423	15
2424	15
2425	15
2426	15
2427	15
2428	15
2429	15
2430	15
2431	15
2432	15
2433	15
2434	15
2435	15
2436	15
2437	15
2438	15
2439	15
2440	15
2441	15
2442	15
2443	15
2444	15
2445	15
2446	14
2447	14
2448	14
2449	14
2450	14
2451	14
2452	14
2453	14
2454	14
2455	14
2456	14
2457	14
2458	14
2459	14
2460	14
2461	14
2462	14
2463	14
2464	14
2465	14
2466	14
2467	14
2468	14
2469	14
2470	14
2471	14
2472	14
2473	14
2474	14
2475	14
2476	14
2477	14
2478	14
2479	14
2480	14
2481	14
2482	14
2483	14
2484	14
2485	14
2486	14
2487	14
2488	14
2489	14
2490	14
2491	14
2492	14
2493	14
2494	14
2495	14
2496	14
2497	14
2498	14
2499	14
2500	14
2501	14
2502	14
2503	14
2504	14
2505	14
2506	14
2507	14
2508	14
2509	14
2510	14
2511	13
2512	13
2513	13
2514	13
2515	13
2516	13
2517	13
2518	13
2519	13
2520	13
2521	13
2522	13
2523	13
2524	13
2525	13
2526	13
2527	13
2528	13
2529	13
2530	13
2531	13
2532	13
2533	13
2534	13
2535	13
2536	13
2537	13
2538	13
2539	13
2540	13
2541	13
2542	13
2543	13
2544	13
2545	13
2546	13
2547	13
2548	13
2549	13
2550	13
2551	13
2552	13
2553	13
2554	13
2555	13
2556	13
2557	13
2558	13
2559	13
2560	13
2561	13
2562	13
2563	13
2564	13
2565	13
2566	13
2567	13
2568	13
2569	13
2570	13
2571	13
2572	13
2573	13
2574	13
2575	12
2576	12
2577	12
2578	12
2579	12
2580	12
2581	12
2582	12
2583	12
2584	12
2585	12
2586	12
2587	12
2588	12
2589	12
2590	12
2591	12
2592	12
2593	12
2594	12
2595	12
2596	12
2597	12
2598	12
2599	12
2600	12
2601	12
2602	12
2603	12
2604	12
2605	12
2606	12
2607	12
2608	12
2609	12
2610	12
2611	12
2612	12
2613	12
2614	12
2615	12
2616	12
2617	12
2618	12
2619	12
2620	12
2621	12
2622	12
2623	12
2624	12
2625	12
2626	12
2627	12
2628	12
2629	12
2630	12
2631	12
2632	12
2633	12
2634	12
2635	12
2636	12
2637	12
2638	12
2639	12
2640	12
2641	12
2642	12
2643	12
2644	12
2645	12
2646	12
2647	12
2648	12
2649	12
2650	12
2651	12
2652	12
2653	12
2654	12
2655	12
2656	12
2657	12
2658	12
2659	12
2660	12
2661	12
2662	12
2663	12
2664	12
2665	12
2666	12
2667	12
2668	11
2669	11
2670	11
2671	11
2672	11
2673	11
2674	11
2675	11
2676	11
2677	11
2678	11
2679	11
2680	11
2681	11
2682	11
2683	11
2684	11
2685	11
2686	11
2687	11
2688	11
2689	11
2690	11
2691	11
2692	11
2693	11
2694	11
2695	11
2696	11
2697	11
2698	11
2699	11
2700	11
2701	11
2702	11
2703	11
2704	11
2705	11
2706	11
2707	11
2708	11
2709	11
2710	11
2711	11
2712	11
2713	11
2714	11
2715	11
2716	11
2717	11
2718	11
2719	11
2720	11
2721	11
2722	11
2723	11
2724	11
2725	11
2726	11
2727	11
2728	11
2729	11
2730	11
2731	11
2732	11
2733	11
2734	11
2735	11
2736	11
2737	11
2738	11
2739	11
2740	11
2741	11
2742	11
2743	11
2744	11
2745	11
2746	11
2747	11
2748	11
2749	11
2750	11
2751	11
2752	11
2753	11
2754	10
2755	10
2756	10
2757	10
2758	10
2759	10
2760	10
2761	10
2762	10
2763	10
2764	10
2765	10
2766	10
2767	10
2768	10
2769	10
2770	10
2771	10
2772	10
2773	10
2774	10
2775	10
2776	10
2777	10
2778	10
2779	10
2780	10
2781	10
2782	10
2783	10
2784	10
2785	10
2786	10
2787	10
2788	10
2789	10
2790	10
2791	10
2792	10
2793	10
2794	10
2795	10
2796	10
2797	10
2798	10
2799	10
2800	10
2801	10
2802	10
2803	10
2804	10
2805	10
2806	10
2807	10
2808	10
2809	10
2810	10
2811	10
2812	10
2813	10
2814	10
2815	10
2816	10
2817	10
2818	10
2819	10
2820	10
2821	10
2822	10
2823	10
2824	10
2825	10
2826	10
2827	10
2828	10
2829	10
2830	10
2831	10
2832	10
2833	10
2834	10
2835	10
2836	10
2837	10
2838	10
2839	10
2840	10
2841	10
2842	10
2843	10
2844	10
2845	10
2846	10
2847	10
2848	10
2849	10
2850	10
2851	10
2852	10
2853	10
2854	10
2855	10
2856	10
2857	10
2858	10
2859	10
2860	10
2861	10
2862	10
2863	10
2864	9
2865	9
2866	9
2867	9
2868	9
2869	9
2870	9
2871	9
2872	9
2873	9
2874	9
2875	9
2876	9
2877	9
2878	9
2879	9
2880	9
2881	9
2882	9
2883	9
2884	9
2885	9
2886	9
2887	9
2888	9
2889	9
2890	9
2891	9
2892	9
2893	9
2894	9
2895	9
2896	9
2897	9
2898	9
2899	9
2900	9
2901	9
2902	9
2903	9
2904	9
2905	9
2906	9
2907	9
2908	9
2909	9
2910	9
2911	9
2912	9
2913	9
2914	9
2915	9
2916	9
2917	9
2918	9
2919	9
2920	9
2921	9
2922	9
2923	9
2924	9
2925	9
2926	9
2927	9
2928	9
2929	9
2930	9
2931	9
2932	9
2933	9
2934	9
2935	9
2936	9
2937	9
2938	9
2939	9
2940	9
2941	9
2942	9
2943	9
2944	9
2945	9
2946	9
2947	9
2948	9
2949	9
2950	9
2951	9
2952	9
2953	8
2954	8
2955	8
2956	8
2957	8
2958	8
2959	8
2960	8
2961	8
2962	8
2963	8
2964	8
2965	8
2966	8
2967	8
2968	8
2969	8
2970	8
2971	8
2972	8
2973	8
2974	8
2975	8
2976	8
2977	8
2978	8
2979	8
2980	8
2981	8
2982	8
2983	8
2984	8
2985	8
2986	8
2987	8
2988	8
2989	8
2990	8
2991	8
2992	8
2993	8
2994	8
2995	8
2996	8
2997	8
2998	8
2999	8
3000	8
3001	8
3002	8
3003	8
3004	8
3005	8
3006	8
3007	8
3008	8
3009	8
3010	8
3011	8
3012	8
3013	8
3014	8
3015	8
3016	8
3017	8
3018	8
3019	8
3020	8
3021	8
3022	8
3023	8
3024	8
3025	8
3026	8
3027	8
3028	8
3029	8
3030	8
3031	8
3032	8
3033	8
3034	8
3035	8
3036	8
3037	8
3038	8
3039	8
3040	8
3041	8
3042	8
3043	8
3044	8
3045	8
3046	8
3047	8
3048	8
3049	8
3050	8
3051	8
3052	8
3053	8
3054	8
3055	8
3056	8
3057	8
3058	8
3059	8
3060	8
3061	8
3062	8
3063	8
3064	7
3065	7
3066	7
3067	7
3068	7
3069	7
3070	7
3071	7
3072	7
3073	7
3074	7
3075	7
3076	7
3077	7
3078	7
3079	7
3080	7
3081	7
3082	7
3083	7
3084	7
3085	7
3086	7
3087	7
3088	7
3089	7
3090	7
3091	7
3092	7
3093	7
3094	7
3095	7
3096	7
3097	7
3098	7
3099	7
3100	7
3101	7
3102	7
3103	7
3104	7
3105	7
3106	7
3107	7
3108	7
3109	7
3110	7
3111	7
3112	7
3113	7
3114	7
3115	7
3116	7
3117	7
3118	7
3119	7
3120	7
3121	7
3122	7
3123	7
3124	7
3125	7
3126	7
3127	7
3128	7
3129	7
3130	7
3131	7
3132	7
3133	7
3134	7
3135	7
3136	7
3137	7
3138	7
3139	7
3140	7
3141	7
3142	7
3143	7
3144	7
3145	7
3146	7
3147	7
3148	7
3149	7
3150	7
3151	7
3152	7
3153	7
3154	7
3155	7
3156	7
3157	7
3158	7
3159	7
3160	7
3161	7
3162	7
3163	7
3164	7
3165	7
3166	7
3167	7
3168	7
3169	7
3170	7
3171	7
3172	7
3173	7
3174	7
3175	7
3176	7
3177	7
3178	7
3179	7
3180	7
3181	7
3182	7
3183	7
3184	7
3185	7
3186	7
3187	7
3188	7
3189	7
3190	7
3191	7
3192	7
3193	7
3194	7
3195	7
3196	7
3197	7
3198	7
3199	7
3200	7
3201	7
3202	6
3203	6
3204	6
3205	6
3206	6
3207	6
3208	6
3209	6
3210	6
3211	6
3212	6
3213	6
3214	6
3215	6
3216	6
3217	6
3218	6
3219	6
3220	6
3221	6
3222	6
3223	6
3224	6
3225	6
3226	6
3227	6
3228	6
3229	6
3230	6
3231	6
3232	6
3233	6
3234	6
3235	6
3236	6
3237	6
3238	6
3239	6
3240	6
3241	6
3242	6
3243	6
3244	6
3245	6
3246	6
3247	6
3248	6
3249	6
3250	6
3251	6
3252	6
3253	6
3254	6
3255	6
3256	6
3257	6
3258	6
3259	6
3260	6
3261	6
3262	6
3263	6
3264	6
3265	6
3266	6
3267	6
3268	6
3269	6
3270	6
3271	6
3272	6
3273	6
3274	6
3275	6
3276	6
3277	6
3278	6
3279	6
3280	6
3281	6
3282	6
3283	6
3284	6
3285	6
3286	6
3287	6
3288	6
3289	6
3290	6
3291	6
3292	6
3293	6
3294	6
3295	6
3296	6
3297	6
3298	6
3299	6
3300	6
3301	6
3302	6
3303	6
3304	6
3305	6
3306	6
3307	6
3308	6
3309	6
3310	6
3311	6
3312	6
3313	6
3314	6
3315	6
3316	6
3317	6
3318	6
3319	6
3320	6
3321	6
3322	6
3323	6
3324	6
3325	6
3326	6
3327	6
3328	6
3329	6
3330	6
3331	6
3332	6
3333	6
3334	6
3335	6
3336	6
3337	6
3338	6
3339	6
3340	6
3341	6
3342	6
3343	6
3344	6
3345	6
3346	6
3347	6
3348	6
3349	6
3350	6
3351	6
3352	6
3353	6
3354	6
3355	6
3356	6
3357	6
3358	6
3359	6
3360	6
3361	6
3362	5
3363	5
3364	5
3365	5
3366	5
3367	5
3368	5
3369	5
3370	5
3371	5
3372	5
3373	5
3374	5
3375	5
3376	5
3377	5
3378	5
3379	5
3380	5
3381	5
3382	5
3383	5
3384	5
3385	5
3386	5
3387	5
3388	5
3389	5
3390	5
3391	5
3392	5
3393	5
3394	5
3395	5
3396	5
3397	5
3398	5
3399	5
3400	5
3401	5
3402	5
3403	5
3404	5
3405	5
3406	5
3407	5
3408	5
3409	5
3410	5
3411	5
3412	5
3413	5
3414	5
3415	5
3416	5
3417	5
3418	5
3419	5
3420	5
3421	5
3422	5
3423	5
3424	5
3425	5
3426	5
3427	5
3428	5
3429	5
3430	5
3431	5
3432	5
3433	5
3434	5
3435	5
3436	5
3437	5
3438	5
3439	5
3440	5
3441	5
3442	5
3443	5
3444	5
3445	5
3446	5
3447	5
3448	5
3449	5
3450	5
3451	5
3452	5
3453	5
3454	5
3455	5
3456	5
3457	5
3458	5
3459	5
3460	5
3461	5
3462	5
3463	5
3464	5
3465	5
3466	5
3467	5
3468	5
3469	5
3470	5
3471	5
3472	5
3473	5
3474	5
3475	5
3476	5
3477	5
3478	5
3479	5
3480	5
3481	5
3482	5
3483	5
3484	5
3485	5
3486	5
3487	5
3488	5
3489	5
3490	5
3491	5
3492	5
3493	5
3494	5
3495	5
3496	5
3497	5
3498	5
3499	5
3500	5
3501	5
3502	5
3503	5
3504	5
3505	5
3506	5
3507	5
3508	5
3509	5
3510	5
3511	5
3512	5
3513	5
3514	5
3515	5
3516	5
3517	5
3518	5
3519	5
3520	5
3521	5
3522	5
3523	5
3524	5
3525	5
3526	5
3527	4
3528	4
3529	4
3530	4
3531	4
3532	4
3533	4
3534	4
3535	4
3536	4
3537	4
3538	4
3539	4
3540	4
3541	4
3542	4
3543	4
3544	4
3545	4
3546	4
3547	4
3548	4
3549	4
3550	4
3551	4
3552	4
3553	4
3554	4
3555	4
3556	4
3557	4
3558	4
3559	4
3560	4
3561	4
3562	4
3563	4
3564	4
3565	4
3566	4
3567	4
3568	4
3569	4
3570	4
3571	4
3572	4
3573	4
3574	4
3575	4
3576	4
3577	4
3578	4
3579	4
3580	4
3581	4
3582	4
3583	4
3584	4
3585	4
3586	4
3587	4
3588	4
3589	4
3590	4
3591	4
3592	4
3593	4
3594	4
3595	4
3596	4
3597	4
3598	4
3599	4
3600	4
3601	4
3602	4
3603	4
3604	4
3605	4
3606	4
3607	4
3608	4
3609	4
3610	4
3611	4
3612	4
3613	4
3614	4
3615	4
3616	4
3617	4
3618	4
3619	4
3620	4
3621	4
3622	4
3623	4
3624	4
3625	4
3626	4
3627	4
3628	4
3629	4
3630	4
3631	4
3632	4
3633	4
3634	4
3635	4
3636	4
3637	4
3638	4
3639	4
3640	4
3641	4
3642	4
3643	4
3644	4
3645	4
3646	4
3647	4
3648	4
3649	4
3650	4
3651	4
3652	4
3653	4
3654	4
3655	4
3656	4
3657	4
3658	4
3659	4
3660	4
3661	4
3662	4
3663	4
3664	4
3665	4
3666	4
3667	4
3668	4
3669	4
3670	4
3671	4
3672	4
3673	4
3674	4
3675	4
3676	4
3677	4
3678	4
3679	4
3680	4
3681	4
3682	4
3683	4
3684	4
3685	4
3686	4
3687	4
3688	4
3689	4
3690	4
3691	4
3692	4
3693	4
3694	4
3695	4
3696	4
3697	4
3698	4
3699	4
3700	4
3701	4
3702	4
3703	4
3704	4
3705	4
3706	4
3707	4
3708	4
3709	4
3710	4
3711	4
3712	4
3713	4
3714	4
3715	4
3716	4
3717	4
3718	4
3719	4
3720	4
3721	4
3722	4
3723	4
3724	4
3725	4
3726	4
3727	4
3728	4
3729	4
3730	4
3731	4
3732	4
3733	4
3734	4
3735	4
3736	4
3737	4
3738	4
3739	4
3740	4
3741	4
3742	4
3743	4
3744	4
3745	4
3746	4
3747	4
3748	4
3749	4
3750	4
3751	4
3752	4
3753	4
3754	4
3755	4
3756	4
3757	4
3758	4
3759	4
3760	4
3761	4
3762	4
3763	4
3764	4
3765	4
3766	4
3767	4
3768	4
3769	4
3770	4
3771	4
3772	3
3773	3
3774	3
3775	3
3776	3
3777	3
3778	3
3779	3
3780	3
3781	3
3782	3
3783	3
3784	3
3785	3
3786	3
3787	3
3788	3
3789	3
3790	3
3791	3
3792	3
3793	3
3794	3
3795	3
3796	3
3797	3
3798	3
3799	3
3800	3
3801	3
3802	3
3803	3
3804	3
3805	3
3806	3
3807	3
3808	3
3809	3
3810	3
3811	3
3812	3
3813	3
3814	3
3815	3
3816	3
3817	3
3818	3
3819	3
3820	3
3821	3
3822	3
3823	3
3824	3
3825	3
3826	3
3827	3
3828	3
3829	3
3830	3
3831	3
3832	3
3833	3
3834	3
3835	3
3836	3
3837	3
3838	3
3839	3
3840	3
3841	3
3842	3
3843	3
3844	3
3845	3
3846	3
3847	3
3848	3
3849	3
3850	3
3851	3
3852	3
3853	3
3854	3
3855	3
3856	3
3857	3
3858	3
3859	3
3860	3
3861	3
3862	3
3863	3
3864	3
3865	3
3866	3
3867	3
3868	3
3869	3
3870	3
3871	3
3872	3
3873	3
3874	3
3875	3
3876	3
3877	3
3878	3
3879	3
3880	3
3881	3
3882	3
3883	3
3884	3
3885	3
3886	3
3887	3
3888	3
3889	3
3890	3
3891	3
3892	3
3893	3
3894	3
3895	3
3896	3
3897	3
3898	3
3899	3
3900	3
3901	3
3902	3
3903	3
3904	3
3905	3
3906	3
3907	3
3908	3
3909	3
3910	3
3911	3
3912	3
3913	3
3914	3
3915	3
3916	3
3917	3
3918	3
3919	3
3920	3
3921	3
3922	3
3923	3
3924	3
3925	3
3926	3
3927	3
3928	3
3929	3
3930	3
3931	3
3932	3
3933	3
3934	3
3935	3
3936	3
3937	3
3938	3
3939	3
3940	3
3941	3
3942	3
3943	3
3944	3
3945	3
3946	3
3947	3
3948	3
3949	3
3950	3
3951	3
3952	3
3953	3
3954	3
3955	3
3956	3
3957	3
3958	3
3959	3
3960	3
3961	3
3962	3
3963	3
3964	3
3965	3
3966	3
3967	3
3968	3
3969	3
3970	3
3971	3
3972	3
3973	3
3974	3
3975	3
3976	3
3977	3
3978	3
3979	3
3980	3
3981	3
3982	3
3983	3
3984	3
3985	3
3986	3
3987	3
3988	3
3989	3
3990	3
3991	3
3992	3
3993	3
3994	3
3995	3
3996	3
3997	3
3998	3
3999	3
4000	3
4001	3
4002	3
4003	3
4004	3
4005	3
4006	3
4007	3
4008	3
4009	3
4010	3
4011	3
4012	3
4013	3
4014	3
4015	3
4016	3
4017	3
4018	3
4019	3
4020	3
4021	3
4022	3
4023	3
4024	3
4025	3
4026	3
4027	3
4028	3
4029	3
4030	3
4031	3
4032	3
4033	3
4034	3
4035	3
4036	3
4037	3
4038	3
4039	3
4040	3
4041	3
4042	3
4043	3
4044	3
4045	3
4046	3
4047	3
4048	3
4049	3
4050	3
4051	3
4052	3
4053	3
4054	3
4055	3
4056	3
4057	3
4058	3
4059	3
4060	3
4061	3
4062	3
4063	3
4064	3
4065	3
4066	3
4067	3
4068	3
4069	3
4070	3
4071	3
4072	3
4073	3
4074	3
4075	3
4076	3
4077	3
4078	3
4079	3
4080	3
4081	3
4082	3
4083	3
4084	3
4085	3
4086	3
4087	3
4088	3
4089	3
4090	3
4091	3
4092	3
4093	3
4094	3
4095	3
4096	3
4097	3
4098	3
4099	3
4100	3
4101	3
4102	3
4103	3
4104	3
4105	3
4106	3
4107	3
4108	3
4109	3
4110	3
4111	3
4112	3
4113	3
4114	3
4115	3
4116	3
4117	3
4118	3
4119	3
4120	3
4121	3
4122	3
4123	3
4124	3
4125	3
4126	3
4127	3
4128	3
4129	3
4130	3
4131	3
4132	3
4133	3
4134	3
4135	3
4136	3
4137	3
4138	3
4139	3
4140	3
4141	3
4142	3
4143	3
4144	3
4145	3
4146	3
4147	3
4148	3
4149	3
4150	3
4151	3
4152	3
4153	3
4154	3
4155	3
4156	3
4157	3
4158	3
4159	2
4160	2
4161	2
4162	2
4163	2
4164	2
4165	2
4166	2
4167	2
4168	2
4169	2
4170	2
4171	2
4172	2
4173	2
4174	2
4175	2
4176	2
4177	2
4178	2
4179	2
4180	2
4181	2
4182	2
4183	2
4184	2
4185	2
4186	2
4187	2
4188	2
4189	2
4190	2
4191	2
4192	2
4193	2
4194	2
4195	2
4196	2
4197	2
4198	2
4199	2
4200	2
4201	2
4202	2
4203	2
4204	2
4205	2
4206	2
4207	2
4208	2
4209	2
4210	2
4211	2
4212	2
4213	2
4214	2
4215	2
4216	2
4217	2
4218	2
4219	2
4220	2
4221	2
4222	2
4223	2
4224	2
4225	2
4226	2
4227	2
4228	2
4229	2
4230	2
4231	2
4232	2
4233	2
4234	2
4235	2
4236	2
4237	2
4238	2
4239	2
4240	2
4241	2
4242	2
4243	2
4244	2
4245	2
4246	2
4247	2
4248	2
4249	2
4250	2
4251	2
4252	2
4253	2
4254	2
4255	2
4256	2
4257	2
4258	2
4259	2
4260	2
4261	2
4262	2
4263	2
4264	2
4265	2
4266	2
4267	2
4268	2
4269	2
4270	2
4271	2
4272	2
4273	2
4274	2
4275	2
4276	2
4277	2
4278	2
4279	2
4280	2
4281	2
4282	2
4283	2
4284	2
4285	2
4286	2
4287	2
4288	2
4289	2
4290	2
4291	2
4292	2
4293	2
4294	2
4295	2
4296	2
4297	2
4298	2
4299	2
4300	2
4301	2
4302	2
4303	2
4304	2
4305	2
4306	2
4307	2
4308	2
4309	2
4310	2
4311	2
4312	2
4313	2
4314	2
4315	2
4316	2
4317	2
4318	2
4319	2
4320	2
4321	2
4322	2
4323	2
4324	2
4325	2
4326	2
4327	2
4328	2
4329	2
4330	2
4331	2
4332	2
4333	2
4334	2
4335	2
4336	2
4337	2
4338	2
4339	2
4340	2
4341	2
4342	2
4343	2
4344	2
4345	2
4346	2
4347	2
4348	2
4349	2
4350	2
4351	2
4352	2
4353	2
4354	2
4355	2
4356	2
4357	2
4358	2
4359	2
4360	2
4361	2
4362	2
4363	2
4364	2
4365	2
4366	2
4367	2
4368	2
4369	2
4370	2
4371	2
4372	2
4373	2
4374	2
4375	2
4376	2
4377	2
4378	2
4379	2
4380	2
4381	2
4382	2
4383	2
4384	2
4385	2
4386	2
4387	2
4388	2
4389	2
4390	2
4391	2
4392	2
4393	2
4394	2
4395	2
4396	2
4397	2
4398	2
4399	2
4400	2
4401	2
4402	2
4403	2
4404	2
4405	2
4406	2
4407	2
4408	2
4409	2
4410	2
4411	2
4412	2
4413	2
4414	2
4415	2
4416	2
4417	2
4418	2
4419	2
4420	2
4421	2
4422	2
4423	2
4424	2
4425	2
4426	2
4427	2
4428	2
4429	2
4430	2
4431	2
4432	2
4433	2
4434	2
4435	2
4436	2
4437	2
4438	2
4439	2
4440	2
4441	2
4442	2
4443	2
4444	2
4445	2
4446	2
4447	2
4448	2
4449	2
4450	2
4451	2
4452	2
4453	2
4454	2
4455	2
4456	2
4457	2
4458	2
4459	2
4460	2
4461	2
4462	2
4463	2
4464	2
4465	2
4466	2
4467	2
4468	2
4469	2
4470	2
4471	2
4472	2
4473	2
4474	2
4475	2
4476	2
4477	2
4478	2
4479	2
4480	2
4481	2
4482	2
4483	2
4484	2
4485	2
4486	2
4487	2
4488	2
4489	2
4490	2
4491	2
4492	2
4493	2
4494	2
4495	2
4496	2
4497	2
4498	2
4499	2
4500	2
4501	2
4502	2
4503	2
4504	2
4505	2
4506	2
4507	2
4508	2
4509	2
4510	2
4511	2
4512	2
4513	2
4514	2
4515	2
4516	2
4517	2
4518	2
4519	2
4520	2
4521	2
4522	2
4523	2
4524	2
4525	2
4526	2
4527	2
4528	2
4529	2
4530	2
4531	2
4532	2
4533	2
4534	2
4535	2
4536	2
4537	2
4538	2
4539	2
4540	2
4541	2
4542	2
4543	2
4544	2
4545	2
4546	2
4547	2
4548	2
4549	2
4550	2
4551	2
4552	2
4553	2
4554	2
4555	2
4556	2
4557	2
4558	2
4559	2
4560	2
4561	2
4562	2
4563	2
4564	2
4565	2
4566	2
4567	2
4568	2
4569	2
4570	2
4571	2
4572	2
4573	2
4574	2
4575	2
4576	2
4577	2
4578	2
4579	2
4580	2
4581	2
4582	2
4583	2
4584	2
4585	2
4586	2
4587	2
4588	2
4589	2
4590	2
4591	2
4592	2
4593	2
4594	2
4595	2
4596	2
4597	2
4598	2
4599	2
4600	2
4601	2
4602	2
4603	2
4604	2
4605	2
4606	2
4607	2
4608	2
4609	2
4610	2
4611	2
4612	2
4613	2
4614	2
4615	2
4616	2
4617	2
4618	2
4619	2
4620	2
4621	2
4622	2
4623	2
4624	2
4625	2
4626	2
4627	2
4628	2
4629	2
4630	2
4631	2
4632	2
4633	2
4634	2
4635	2
4636	2
4637	2
4638	2
4639	2
4640	2
4641	2
4642	2
4643	2
4644	2
4645	2
4646	2
4647	2
4648	2
4649	2
4650	2
4651	2
4652	2
4653	2
4654	2
4655	2
4656	2
4657	2
4658	2
4659	2
4660	2
4661	2
4662	2
4663	2
4664	2
4665	2
4666	2
4667	2
4668	2
4669	2
4670	2
4671	2
4672	2
4673	2
4674	2
4675	2
4676	2
4677	2
4678	2
4679	2
4680	2
4681	2
4682	2
4683	2
4684	2
4685	2
4686	2
4687	2
4688	2
4689	2
4690	2
4691	2
4692	2
4693	2
4694	2
4695	2
4696	2
4697	2
4698	2
4699	2
4700	2
4701	2
4702	2
4703	2
4704	2
4705	2
4706	2
4707	2
4708	2
4709	2
4710	2
4711	2
4712	2
4713	2
4714	2
4715	2
4716	2
4717	2
4718	2
4719	2
4720	2
4721	2
4722	2
4723	2
4724	2
4725	2
4726	2
4727	2
4728	2
4729	2
4730	2
4731	2
4732	2
4733	2
4734	2
4735	2
4736	2
4737	2
4738	2
4739	2
4740	2
4741	2
4742	2
4743	2
4744	2
4745	2
4746	2
4747	2
4748	2
4749	2
4750	2
4751	2
4752	2
4753	2
4754	2
4755	2
4756	2
4757	2
4758	2
4759	2
4760	2
4761	2
4762	2
4763	2
4764	2
4765	2
4766	2
4767	2
4768	2
4769	2
4770	2
4771	2
4772	2
4773	2
4774	2
4775	2
4776	2
4777	2
4778	2
4779	2
4780	2
4781	2
4782	2
4783	2
4784	2
4785	2
4786	2
4787	2
4788	2
4789	2
4790	2
4791	2
4792	2
4793	2
4794	2
4795	2
4796	2
4797	2
4798	2
4799	2
4800	1
4801	1
4802	1
4803	1
4804	1
4805	1
4806	1
4807	1
4808	1
4809	1
4810	1
4811	1
4812	1
4813	1
4814	1
4815	1
4816	1
4817	1
4818	1
4819	1
4820	1
4821	1
4822	1
4823	1
4824	1
4825	1
4826	1
4827	1
4828	1
4829	1
4830	1
4831	1
4832	1
4833	1
4834	1
4835	1
4836	1
4837	1
4838	1
4839	1
4840	1
4841	1
4842	1
4843	1
4844	1
4845	1
4846	1
4847	1
4848	1
4849	1
4850	1
4851	1
4852	1
4853	1
4854	1
4855	1
4856	1
4857	1
4858	1
4859	1
4860	1
4861	1
4862	1
4863	1
4864	1
4865	1
4866	1
4867	1
4868	1
4869	1
4870	1
4871	1
4872	1
4873	1
4874	1
4875	1
4876	1
4877	1
4878	1
4879	1
4880	1
4881	1
4882	1
4883	1
4884	1
4885	1
4886	1
4887	1
4888	1
4889	1
4890	1
4891	1
4892	1
4893	1
4894	1
4895	1
4896	1
4897	1
4898	1
4899	1
4900	1
4901	1
4902	1
4903	1
4904	1
4905	1
4906	1
4907	1
4908	1
4909	1
4910	1
4911	1
4912	1
4913	1
4914	1
4915	1
4916	1
4917	1
4918	1
4919	1
4920	1
4921	1
4922	1
4923	1
4924	1
4925	1
4926	1
4927	1
4928	1
4929	1
4930	1
4931	1
4932	1
4933	1
4934	1
4935	1
4936	1
4937	1
4938	1
4939	1
4940	1
4941	1
4942	1
4943	1
4944	1
4945	1
4946	1
4947	1
4948	1
4949	1
4950	1
4951	1
4952	1
4953	1
4954	1
4955	1
4956	1
4957	1
4958	1
4959	1
4960	1
4961	1
4962	1
4963	1
4964	1
4965	1
4966	1
4967	1
4968	1
4969	1
4970	1
4971	1
4972	1
4973	1
4974	1
4975	1
4976	1
4977	1
4978	1
4979	1
4980	1
4981	1
4982	1
4983	1
4984	1
4985	1
4986	1
4987	1
4988	1
4989	1
4990	1
4991	1
4992	1
4993	1
4994	1
4995	1
4996	1
4997	1
4998	1
4999	1
5000	1
5001	1
5002	1
5003	1
5004	1
5005	1
5006	1
5007	1
5008	1
5009	1
5010	1
5011	1
5012	1
5013	1
5014	1
5015	1
5016	1
5017	1
5018	1
5019	1
5020	1
5021	1
5022	1
5023	1
5024	1
5025	1
5026	1
5027	1
5028	1
5029	1
5030	1
5031	1
5032	1
5033	1
5034	1
5035	1
5036	1
5037	1
5038	1
5039	1
5040	1
5041	1
5042	1
5043	1
5044	1
5045	1
5046	1
5047	1
5048	1
5049	1
5050	1
5051	1
5052	1
5053	1
5054	1
5055	1
5056	1
5057	1
5058	1
5059	1
5060	1
5061	1
5062	1
5063	1
5064	1
5065	1
5066	1
5067	1
5068	1
5069	1
5070	1
5071	1
5072	1
5073	1
5074	1
5075	1
5076	1
5077	1
5078	1
5079	1
5080	1
5081	1
5082	1
5083	1
5084	1
5085	1
5086	1
5087	1
5088	1
5089	1
5090	1
5091	1
5092	1
5093	1
5094	1
5095	1
5096	1
5097	1
5098	1
5099	1
5100	1
5101	1
5102	1
5103	1
5104	1
5105	1
5106	1
5107	1
5108	1
5109	1
5110	1
5111	1
5112	1
5113	1
5114	1
5115	1
5116	1
5117	1
5118	1
5119	1
5120	1
5121	1
5122	1
5123	1
5124	1
5125	1
5126	1
5127	1
5128	1
5129	1
5130	1
5131	1
5132	1
5133	1
5134	1
5135	1
5136	1
5137	1
5138	1
5139	1
5140	1
5141	1
5142	1
5143	1
5144	1
5145	1
5146	1
5147	1
5148	1
5149	1
5150	1
5151	1
5152	1
5153	1
5154	1
5155	1
5156	1
5157	1
5158	1
5159	1
5160	1
5161	1
5162	1
5163	1
5164	1
5165	1
5166	1
5167	1
5168	1
5169	1
5170	1
5171	1
5172	1
5173	1
5174	1
5175	1
5176	1
5177	1
5178	1
5179	1
5180	1
5181	1
5182	1
5183	1
5184	1
5185	1
5186	1
5187	1
5188	1
5189	1
5190	1
5191	1
5192	1
5193	1
5194	1
5195	1
5196	1
5197	1
5198	1
5199	1
5200	1
5201	1
5202	1
5203	1
5204	1
5205	1
5206	1
5207	1
5208	1
5209	1
5210	1
5211	1
5212	1
5213	1
5214	1
5215	1
5216	1
5217	1
5218	1
5219	1
5220	1
5221	1
5222	1
5223	1
5224	1
5225	1
5226	1
5227	1
5228	1
5229	1
5230	1
5231	1
5232	1
5233	1
5234	1
5235	1
5236	1
5237	1
5238	1
5239	1
5240	1
5241	1
5242	1
5243	1
5244	1
5245	1
5246	1
5247	1
5248	1
5249	1
5250	1
5251	1
5252	1
5253	1
5254	1
5255	1
5256	1
5257	1
5258	1
5259	1
5260	1
5261	1
5262	1
5263	1
5264	1
5265	1
5266	1
5267	1
5268	1
5269	1
5270	1
5271	1
5272	1
5273	1
5274	1
5275	1
5276	1
5277	1
5278	1
5279	1
5280	1
5281	1
5282	1
5283	1
5284	1
5285	1
5286	1
5287	1
5288	1
5289	1
5290	1
5291	1
5292	1
5293	1
5294	1
5295	1
5296	1
5297	1
5298	1
5299	1
5300	1
5301	1
5302	1
5303	1
5304	1
5305	1
5306	1
5307	1
5308	1
5309	1
5310	1
5311	1
5312	1
5313	1
5314	1
5315	1
5316	1
5317	1
5318	1
5319	1
5320	1
5321	1
5322	1
5323	1
5324	1
5325	1
5326	1
5327	1
5328	1
5329	1
5330	1
5331	1
5332	1
5333	1
5334	1
5335	1
5336	1
5337	1
5338	1
5339	1
5340	1
5341	1
5342	1
5343	1
5344	1
5345	1
5346	1
5347	1
5348	1
5349	1
5350	1
5351	1
5352	1
5353	1
5354	1
5355	1
5356	1
5357	1
5358	1
5359	1
5360	1
5361	1
5362	1
5363	1
5364	1
5365	1
5366	1
5367	1
5368	1
5369	1
5370	1
5371	1
5372	1
5373	1
5374	1
5375	1
5376	1
5377	1
5378	1
5379	1
5380	1
5381	1
5382	1
5383	1
5384	1
5385	1
5386	1
5387	1
5388	1
5389	1
5390	1
5391	1
5392	1
5393	1
5394	1
5395	1
5396	1
5397	1
5398	1
5399	1
5400	1
5401	1
5402	1
5403	1
5404	1
5405	1
5406	1
5407	1
5408	1
5409	1
5410	1
5411	1
5412	1
5413	1
5414	1
5415	1
5416	1
5417	1
5418	1
5419	1
5420	1
5421	1
5422	1
5423	1
5424	1
5425	1
5426	1
5427	1
5428	1
5429	1
5430	1
5431	1
5432	1
5433	1
5434	1
5435	1
5436	1
5437	1
5438	1
5439	1
5440	1
5441	1
5442	1
5443	1
5444	1
5445	1
5446	1
5447	1
5448	1
5449	1
5450	1
5451	1
5452	1
5453	1
5454	1
5455	1
5456	1
5457	1
5458	1
5459	1
5460	1
5461	1
5462	1
5463	1
5464	1
5465	1
5466	1
5467	1
5468	1
5469	1
5470	1
5471	1
5472	1
5473	1
5474	1
5475	1
5476	1
5477	1
5478	1
5479	1
5480	1
5481	1
5482	1
5483	1
5484	1
5485	1
5486	1
5487	1
5488	1
5489	1
5490	1
5491	1
5492	1
5493	1
5494	1
5495	1
5496	1
5497	1
5498	1
5499	1
5500	1
5501	1
5502	1
5503	1
5504	1
5505	1
5506	1
5507	1
5508	1
5509	1
5510	1
5511	1
5512	1
5513	1
5514	1
5515	1
5516	1
5517	1
5518	1
5519	1
5520	1
5521	1
5522	1
5523	1
5524	1
5525	1
5526	1
5527	1
5528	1
5529	1
5530	1
5531	1
5532	1
5533	1
5534	1
5535	1
5536	1
5537	1
5538	1
5539	1
5540	1
5541	1
5542	1
5543	1
5544	1
5545	1
5546	1
5547	1
5548	1
5549	1
5550	1
5551	1
5552	1
5553	1
5554	1
5555	1
5556	1
5557	1
5558	1
5559	1
5560	1
5561	1
5562	1
5563	1
5564	1
5565	1
5566	1
5567	1
5568	1
5569	1
5570	1
5571	1
5572	1
5573	1
5574	1
5575	1
5576	1
5577	1
5578	1
5579	1
5580	1
5581	1
5582	1
5583	1
5584	1
5585	1
5586	1
5587	1
5588	1
5589	1
5590	1
5591	1
5592	1
5593	1
5594	1
5595	1
5596	1
5597	1
5598	1
5599	1
5600	1
5601	1
5602	1
5603	1
5604	1
5605	1
5606	1
5607	1
5608	1
5609	1
5610	1
5611	1
5612	1
5613	1
5614	1
5615	1
5616	1
5617	1
5618	1
5619	1
5620	1
5621	1
5622	1
5623	1
5624	1
5625	1
5626	1
5627	1
5628	1
5629	1
5630	1
5631	1
5632	1
5633	1
5634	1
5635	1
5636	1
5637	1
5638	1
5639	1
5640	1
5641	1
5642	1
5643	1
5644	1
5645	1
5646	1
5647	1
5648	1
5649	1
5650	1
5651	1
5652	1
5653	1
5654	1
5655	1
5656	1
5657	1
5658	1
5659	1
5660	1
5661	1
5662	1
5663	1
5664	1
5665	1
5666	1
5667	1
5668	1
5669	1
5670	1
5671	1
5672	1
5673	1
5674	1
5675	1
5676	1
5677	1
5678	1
5679	1
5680	1
5681	1
5682	1
5683	1
5684	1
5685	1
5686	1
5687	1
5688	1
5689	1
5690	1
5691	1
5692	1
5693	1
5694	1
5695	1
5696	1
5697	1
5698	1
5699	1
5700	1
5701	1
5702	1
5703	1
5704	1
5705	1
5706	1
5707	1
5708	1
5709	1
5710	1
5711	1
5712	1
5713	1
5714	1
5715	1
5716	1
5717	1
5718	1
5719	1
5720	1
5721	1
5722	1
5723	1
5724	1
5725	1
5726	1
5727	1
5728	1
5729	1
5730	1
5731	1
5732	1
5733	1
5734	1
5735	1
5736	1
5737	1
5738	1
5739	1
5740	1
5741	1
5742	1
5743	1
5744	1
5745	1
5746	1
5747	1
5748	1
5749	1
5750	1
5751	1
5752	1
5753	1
5754	1
5755	1
5756	1
5757	1
5758	1
5759	1
5760	1
5761	1
5762	1
5763	1
5764	1
5765	1
5766	1
5767	1
5768	1
5769	1
5770	1
5771	1
5772	1
5773	1
5774	1
5775	1
5776	1
5777	1
5778	1
5779	1
5780	1
5781	1
5782	1
5783	1
5784	1
5785	1
5786	1
5787	1
5788	1
5789	1
5790	1
5791	1
5792	1
5793	1
5794	1
5795	1
5796	1
5797	1
5798	1
5799	1
5800	1
5801	1
5802	1
5803	1
5804	1
5805	1
5806	1
5807	1
5808	1
5809	1
5810	1
5811	1
5812	1
5813	1
5814	1
5815	1
5816	1
5817	1
5818	1
5819	1
5820	1
5821	1
5822	1
5823	1
5824	1
5825	1
5826	1
5827	1
5828	1
5829	1
5830	1
5831	1
5832	1
5833	1
5834	1
5835	1
5836	1
5837	1
5838	1
5839	1
5840	1
5841	1
5842	1
5843	1
5844	1
5845	1
5846	1
5847	1
5848	1
5849	1
5850	1
5851	1
5852	1
5853	1
5854	1
5855	1
5856	1
5857	1
5858	1
5859	1
5860	1
5861	1
5862	1
5863	1
5864	1
5865	1
5866	1
5867	1
5868	1
5869	1
5870	1
5871	1
5872	1
5873	1
5874	1
5875	1
5876	1
5877	1
5878	1
5879	1
5880	1
5881	1
5882	1
5883	1
5884	1
5885	1
5886	1
5887	1
5888	1
5889	1
5890	1
5891	1
5892	1
5893	1
5894	1
5895	1
5896	1
5897	1
5898	1
5899	1
5900	1
5901	1
5902	1
5903	1
5904	1
5905	1
5906	1
5907	1
5908	1
5909	1
5910	1
5911	1
5912	1
5913	1
5914	1
5915	1
5916	1
5917	1
5918	1
5919	1
5920	1
5921	1
5922	1
5923	1
5924	1
5925	1
5926	1
5927	1
5928	1
5929	1
5930	1
5931	1
5932	1
5933	1
5934	1
5935	1
5936	1
5937	1
5938	1
5939	1
5940	1
5941	1
5942	1
5943	1
5944	1
5945	1
5946	1
5947	1
5948	1
5949	1
5950	1
5951	1
5952	1
5953	1
5954	1
5955	1
5956	1
5957	1
5958	1
5959	1
5960	1
5961	1
5962	1
5963	1
5964	1
5965	1
5966	1
5967	1
5968	1
5969	1
5970	1
5971	1
5972	1
5973	1
5974	1
5975	1
5976	1
5977	1
5978	1
5979	1
5980	1
5981	1
5982	1
5983	1
5984	1
5985	1
5986	1
5987	1
5988	1
5989	1
5990	1
5991	1
5992	1
5993	1
5994	1
5995	1
5996	1
5997	1
5998	1
5999	1
6000	1
6001	1
6002	1
6003	1
6004	1
6005	1
6006	1
6007	1
6008	1
6009	1
6010	1
6011	1
6012	1
6013	1
6014	1
6015	1
6016	1
6017	1
6018	1
6019	1
6020	1
6021	1
6022	1
6023	1
6024	1
6025	1
6026	1
6027	1
6028	1
6029	1
6030	1
6031	1
6032	1
6033	1
6034	1
6035	1
6036	1
6037	1
6038	1
6039	1
6040	1
6041	1
6042	1
6043	1
6044	1
6045	1
6046	1
6047	1
6048	1
6049	1
6050	1
6051	1
6052	1
6053	1
6054	1
6055	1
6056	1
6057	1
6058	1
6059	1
6060	1
6061	1
6062	1
6063	1
6064	1
6065	1
6066	1
6067	1
6068	1
6069	1
6070	1
6071	1
6072	1
6073	1
6074	1
6075	1
6076	1
6077	1
6078	1
6079	1
6080	1
6081	1
6082	1
6083	1
6084	1
6085	1
6086	1
6087	1
6088	1
6089	1
6090	1
6091	1
6092	1
6093	1
6094	1
6095	1
6096	1
6097	1
6098	1
6099	1
6100	1
6101	1
6102	1
6103	1
6104	1
6105	1
6106	1
6107	1
6108	1
6109	1
6110	1
6111	1
6112	1
6113	1
6114	1
6115	1
6116	1
6117	1
6118	1
6119	1
6120	1
6121	1
6122	1
6123	1
6124	1
6125	1
6126	1
6127	1
6128	1
6129	1
6130	1
6131	1
6132	1
6133	1
6134	1
6135	1
6136	1
6137	1
6138	1
6139	1
6140	1
6141	1
6142	1
6143	1
6144	1
6145	1
6146	1
6147	1
6148	1
6149	1
6150	1
6151	1
6152	1
6153	1
6154	1
6155	1
6156	1
6157	1
6158	1
6159	1
6160	1
6161	1
6162	1
6163	1
6164	1
6165	1
6166	1
6167	1
6168	1
6169	1
6170	1
6171	1
6172	1
6173	1
6174	1
6175	1
6176	1
6177	1
6178	1
6179	1
6180	1
6181	1
6182	1
6183	1
6184	1
6185	1
6186	1
6187	1
6188	1
6189	1
6190	1
6191	1
6192	1
6193	1
6194	1
6195	1
6196	1
6197	1
6198	1
6199	1
6200	1
6201	1
6202	1
6203	1
6204	1
6205	1
6206	1
6207	1
6208	1
6209	1
6210	1
6211	1
6212	1
6213	1
6214	1
6215	1
6216	1
6217	1
6218	1
6219	1
6220	1
6221	1
6222	1
6223	1
6224	1
6225	1
6226	1
6227	1
6228	1
6229	1
6230	1
6231	1
6232	1
6233	1
6234	1
6235	1
6236	1
6237	1
6238	1
6239	1
6240	1
6241	1
6242	1
6243	1
6244	1
6245	1
6246	1
6247	1
6248	1
6249	1
6250	1
6251	1
6252	1
6253	1
6254	1
6255	1
6256	1
6257	1
6258	1
6259	1
6260	1
6261	1
6262	1
6263	1
6264	1
6265	1
6266	1
6267	1
6268	1
6269	1
6270	1
6271	1
6272	1
6273	1
6274	1
6275	1
6276	1
6277	1
6278	1
6279	1
6280	1
6281	1
6282	1
6283	1
6284	1
6285	1
6286	1
6287	1
6288	1
6289	1
6290	1
6291	1
6292	1
6293	1
6294	1
6295	1
6296	1
6297	1
6298	1
6299	1
6300	1
6301	1
6302	1
6303	1
6304	1
6305	1
6306	1
6307	1
6308	1
6309	1
6310	1
6311	1
6312	1
6313	1
6314	1
6315	1
6316	1
6317	1
6318	1
6319	1
6320	1
6321	1
6322	1
6323	1
6324	1
6325	1
6326	1
6327	1
6328	1
6329	1
6330	1
6331	1
6332	1
6333	1
6334	1
6335	1
6336	1
6337	1
6338	1
6339	1
6340	1
6341	1
6342	1
6343	1
6344	1
6345	1
6346	1
6347	1
6348	1
6349	1
6350	1
6351	1
6352	1
6353	1
6354	1
6355	1
6356	1
6357	1
6358	1
6359	1
6360	1
6361	1
6362	1
6363	1
6364	1
6365	1
6366	1
6367	1
6368	1
6369	1
6370	1
6371	1
6372	1
6373	1
6374	1
6375	1
6376	1
6377	1
6378	1
6379	1
6380	1
6381	1
6382	1
6383	1
6384	1
6385	1
6386	1
6387	1
6388	1
6389	1
6390	1
6391	1
6392	1
6393	1
6394	1
6395	1
6396	1
6397	1
6398	1
6399	1
6400	1
6401	1
6402	1
6403	1
6404	1
6405	1
6406	1
6407	1
6408	1
6409	1
6410	1
6411	1
6412	1
6413	1
6414	1
6415	1
6416	1
6417	1
6418	1
6419	1
6420	1
6421	1
6422	1
6423	1
6424	1
6425	1
6426	1
6427	1
6428	1
6429	1
6430	1
6431	1
6432	1
6433	1
6434	1
6435	1
6436	1
6437	1
6438	1
6439	1
6440	1
6441	1
6442	1
6443	1
6444	1
6445	1
6446	1
6447	1
6448	1
6449	1
6450	1
6451	1
6452	1
6453	1
6454	1
6455	1
6456	1
6457	1
6458	1
6459	1
6460	1
6461	1
6462	1
6463	1
6464	1
6465	1
6466	1
6467	1
6468	1
6469	1
6470	1
6471	1
6472	1
6473	1
6474	1
6475	1
6476	1
6477	1
6478	1
6479	1
6480	1
6481	1
6482	1
6483	1
6484	1
6485	1
6486	1
6487	1
6488	1
6489	1
6490	1
6491	1
6492	1
6493	1
6494	1
6495	1
6496	1
6497	1
6498	1
6499	1
6500	1
6501	1
6502	1
6503	1
6504	1
6505	1
6506	1
6507	1
6508	1
6509	1
6510	1
6511	1
6512	1
6513	1
6514	1
6515	1
6516	1
6517	1
6518	1
6519	1
6520	1
6521	1
6522	1
6523	1
6524	1
6525	1
6526	1
6527	1
6528	1
6529	1
6530	1
6531	1
6532	1
6533	1
6534	1
6535	1
6536	1
6537	1
6538	1
6539	1
6540	1
6541	1
6542	1
6543	1
6544	1
6545	1
6546	1
6547	1
6548	1
6549	1
6550	1
6551	1
6552	1
6553	1
6554	1
6555	1
6556	1
6557	1
6558	1
6559	1
6560	1
6561	1
6562	1
6563	1
6564	1
6565	1
6566	1
6567	1
6568	1
6569	1
6570	1
6571	1
6572	1
6573	1
6574	1
6575	1
6576	1
6577	1
6578	1
6579	1
6580	1
6581	1
6582	1
6583	1
6584	1
6585	1
6586	1
6587	1
6588	1
6589	1
6590	1
6591	1
6592	1
6593	1
6594	1
6595	1
6596	1
6597	1
6598	1
6599	1
6600	1
6601	1
6602	1
6603	1
6604	1
6605	1
6606	1
6607	1
6608	1
6609	1
6610	1
6611	1
6612	1
6613	1
6614	1
6615	1
6616	1
6617	1
6618	1
6619	1
6620	1
6621	1
6622	1
6623	1
6624	1
6625	1
6626	1
6627	1
6628	1
6629	1
6630	1
6631	1
6632	1
6633	1
6634	1
6635	1
6636	1
6637	1
6638	1
6639	1
6640	1
6641	1
6642	1
6643	1
6644	1
6645	1
6646	1
6647	1
6648	1
6649	1
6650	1
6651	1
6652	1
6653	1
6654	1
6655	1
6656	1
6657	1
6658	1
6659	1
6660	1
6661	1
6662	1
6663	1
6664	1
6665	1
6666	1
6667	1
6668	1
6669	1
6670	1
6671	1
6672	1
6673	1
6674	1
6675	1
6676	1
6677	1
6678	1
6679	1
6680	1
6681	1
6682	1
6683	1
6684	1
6685	1
6686	1
6687	1
6688	1
6689	1
6690	1
6691	1
6692	1
6693	1
6694	1
6695	1
6696	1
6697	1
6698	1
6699	1
6700	1
6701	1
6702	1
6703	1
6704	1
6705	1
6706	1
6707	1
6708	1
6709	1
6710	1
6711	1
6712	1
6713	1
6714	1
6715	1
6716	1
6717	1
6718	1
6719	1
6720	1
6721	1
6722	1
6723	1
6724	1
6725	1
6726	1
6727	1
6728	1
6729	1
6730	1
6731	1
6732	1
6733	1
6734	1
6735	1
6736	1
6737	1
6738	1
6739	1
6740	1
6741	1
6742	1
6743	1
6744	1
6745	1
6746	1
6747	1
6748	1
6749	1
6750	1
6751	1
6752	1
6753	1
6754	1
6755	1
6756	1
6757	1
6758	1
6759	1
6760	1
6761	1
6762	1
6763	1
6764	1
6765	1
6766	1
6767	1
6768	1
6769	1
6770	1
6771	1
6772	1
6773	1
6774	1
6775	1
6776	1
6777	1
6778	1
6779	1
6780	1
6781	1
6782	1
6783	1
6784	1
6785	1
6786	1
6787	1
6788	1
6789	1
6790	1
6791	1
6792	1
6793	1
6794	1
6795	1
6796	1
6797	1
6798	1
6799	1
6800	1
6801	1
6802	1
6803	1
6804	1
6805	1
6806	1
6807	1
6808	1
6809	1
6810	1
6811	1
6812	1
6813	1
6814	1
6815	1
6816	1
6817	1
6818	1
6819	1
6820	1
6821	1
6822	1
6823	1
6824	1
6825	1
6826	1
6827	1
6828	1
6829	1
6830	1
6831	1
6832	1
6833	1
6834	1
6835	1
6836	1
6837	1
6838	1
6839	1
6840	1
6841	1
6842	1
6843	1
6844	1
6845	1
6846	1
6847	1
6848	1
6849	1
6850	1
6851	1
6852	1
6853	1
6854	1
6855	1
6856	1
6857	1
6858	1
6859	1
6860	1
6861	1
6862	1
6863	1
6864	1
6865	1
6866	1
6867	1
6868	1
6869	1
6870	1
6871	1
6872	1
6873	1
6874	1
6875	1
6876	1
6877	1
6878	1
6879	1
6880	1
6881	1
6882	1
6883	1
6884	1
6885	1
6886	1
6887	1
6888	1
6889	1
6890	1
6891	1
6892	1
6893	1
6894	1
6895	1
6896	1
6897	1
6898	1
6899	1
6900	1
6901	1
6902	1
6903	1
6904	1
6905	1
6906	1
6907	1
6908	1
6909	1
6910	1
6911	1
6912	1
6913	1
6914	1
6915	1
6916	1
6917	1
6918	1
6919	1
6920	1
6921	1
6922	1
6923	1
6924	1
6925	1
6926	1
6927	1
6928	1
6929	1
6930	1
6931	1
6932	1
6933	1
6934	1
6935	1
6936	1
6937	1
6938	1
6939	1
6940	1
6941	1
6942	1
6943	1
6944	1
6945	1
6946	1
6947	1
6948	1
6949	1
6950	1
6951	1
6952	1
6953	1
6954	1
6955	1
6956	1
6957	1
6958	1
6959	1
6960	1
6961	1
6962	1
6963	1
6964	1
6965	1
6966	1
6967	1
6968	1
6969	1
6970	1
6971	1
6972	1
6973	1
6974	1
6975	1
6976	1
6977	1
6978	1
6979	1
6980	1
6981	1
6982	1
6983	1
6984	1
6985	1
6986	1
6987	1
6988	1
6989	1
6990	1
6991	1
6992	1
6993	1
6994	1
6995	1
6996	1
6997	1
6998	1
6999	1
7000	1
7001	1
7002	1
7003	1
7004	1
7005	1
7006	1
7007	1
7008	1
7009	1
7010	1
7011	1
7012	1
7013	1
7014	1
7015	1
7016	1
7017	1
7018	1
7019	1
7020	1
7021	1
7022	1
7023	1
7024	1
7025	1
7026	1
7027	1
7028	1
7029	1
7030	1
7031	1
7032	1
7033	1
7034	1
7035	1
7036	1
7037	1
7038	1
7039	1
7040	1
7041	1
7042	1
7043	1
7044	1
7045	1
7046	1
7047	1
7048	1
7049	1
7050	1
7051	1
7052	1
7053	1
7054	1
7055	1
7056	1
7057	1
7058	1
7059	1
7060	1
7061	1
7062	1
7063	1
7064	1
7065	1
7066	1
7067	1
7068	1
7069	1
7070	1
7071	1
7072	1
7073	1
7074	1
7075	1
7076	1
7077	1
7078	1
7079	1
7080	1
7081	1
7082	1
7083	1
7084	1
7085	1
7086	1
7087	1
7088	1
7089	1
7090	1
7091	1
7092	1
7093	1
7094	1
7095	1
7096	1
7097	1
7098	1
7099	1
7100	1
7101	1
7102	1
7103	1
7104	1
7105	1
7106	1
7107	1
7108	1
7109	1
7110	1
7111	1
7112	1
7113	1
7114	1
